30749139 3 0.65611064
26583294 0 0.57242566
56385988 9 0.87841254
37002314 7 0.65409523
22521646 7 0.5111149
4723368 3 0.6091295
6977784 15 0.55543524
8536864 2 0.7462179
9178450 9 0.3249042
19905584 7 0.39053455
13522973 0 0.3135839
12338711 9 0.70505035
34302999 0 0.47261024
15419505 8 0.59509295
54047403 2 0.34395695
4170135 8 0.5898528
28377630 9 0.47848502
22138607 0 0.4353379
51123308 2 0.5527767
48454660 12 0.7421156
54569471 0 0.5321569
42613707 12 0.5945662
2377062 0 0.76539046
34241527 3 0.35435855
7808237 9 0.4422298
3400675 9 0.7690984
28732369 9 0.4633871
9395990 10 0.35895428
42734766 12 0.8542487
2347230 0 0.4819505
36952769 0 0.4532793
43056895 9 0.50005287
5653097 3 0.47500685
20308163 8 0.4661082
28114798 3 0.41245666
10511724 9 0.4125421
29659594 0 0.4799381
36673163 6 0.98153526
5727787 3 0.7237781
30918117 3 0.45477176
16825395 0 0.5647417
5686273 9 0.569376
4818183 9 0.8332411
15646314 9 0.6537415
51800563 3 0.39808095
28025128 15 0.5152016
44618014 3 0.7670157
5834412 10 0.43210563
45695170 3 0.7557779
29812423 9 0.86921304
2968336 16 0.4393607
42190981 12 0.55205125
3965403 0 0.37737086
1533134 7 0.5573196
16221900 0 0.41085827
42327704 3 0.5708592
55164566 9 0.36721224
7242507 0 0.46525025
43778204 0 0.80000603
21820990 3 0.64622724
45487368 15 0.44018766
17524619 0 0.5982215
53134227 7 0.47930333
4641639 9 0.78098464
2522754 0 0.6313591
10568847 0 0.5680771
3044674 3 0.6144464
57429185 7 0.6902769
37504586 0 0.45048156
2363225 0 0.51827896
11018263 0 0.7678706
29622839 3 0.6109614
7617549 2 0.47900808
20374125 0 0.59890085
39751312 12 0.34410366
28269829 0 0.9089277
17479152 10 0.43025962
37493194 12 0.7605557
3283562 0 0.6660407
20720283 9 0.6522124
10005124 0 0.63062084
2079366 8 0.58644515
47221883 0 0.58168644
4029956 7 0.7706618
24835558 8 0.6017477
56957732 0 0.3578784
40411163 12 0.42922738
660175 0 0.28193653
34393768 7 0.8720935
56888162 7 0.48770303
10898820 6 0.38161752
24879127 16 0.53303075
15334616 3 0.70650864
41511593 12 0.5283178
27865974 0 0.65793896
52437492 0 0.45567226
41675219 8 0.5349697
14378190 3 0.76245654
1707062 0 0.5228514
9285207 0 0.5253065
35909602 0 0.36997062
43640282 3 0.79189646
10493130 7 0.414644
17419171 0 0.9133668
32558253 9 0.6418157
45631385 12 0.47473297
54974623 15 0.3879726
29989287 9 0.32969356
8391303 8 0.6071791
10849994 3 0.47565964
33273991 0 0.58682936
48347029 7 0.3554475
8228919 0 0.41229886
17809187 0 0.86521107
33129245 9 0.32866436
17885279 0 0.616424
47759761 12 0.48524803
44072718 7 0.5650116
36964679 2 0.45148355
4570147 0 0.5886193
9034741 7 0.3777594
43582671 16 0.5313204
29721093 7 0.7057554
47257534 0 0.8615438
8715538 8 0.56507015
30865902 3 0.56923896
8412838 3 0.81174165
25163374 0 0.4140903
25582593 2 0.42132187
54725122 0 0.7462895
44179765 0 0.87047356
48791248 9 0.70962894
22207917 0 0.72695494
23622837 12 0.3792176
9969940 0 0.36584952
53376597 9 0.4899384
45934135 0 0.49551052
34803754 0 0.3374807
11387014 12 0.87079895
40951325 12 0.34471917
54556862 0 0.51592827
4050757 0 0.9834726
2458087 0 0.6247804
2833221 0 0.7004091
40674860 12 0.48715937
2532534 7 0.5092493
13528054 8 0.38817146
45464198 12 0.60530406
29422757 7 0.43794817
40980680 11 0.5848808
18765496 2 0.7730176
40210154 15 0.43806365
38033182 9 0.28223446
15871021 7 0.6081443
4115023 0 0.4245682
20688977 0 0.5913801
57277510 3 0.774896
23488392 0 0.50456125
379445 8 0.3117672
10275770 0 0.8562259
10926132 6 0.52130634
21212019 8 0.9920174
3346244 9 0.3778155
26837758 12 0.66718996
12096902 7 0.7721193
26660049 15 0.37389535
34651532 3 0.5976638
57509819 3 0.42096972
11447548 0 0.4453636
48830779 3 0.58909225
23145334 3 0.47858003
462160 9 0.58440655
43299580 0 0.743376
10289569 7 0.32174665
16910727 0 0.6645573
16869666 0 0.33673558
11247980 9 0.60922533
30271061 12 0.5005955
11924354 0 0.626813
4030945 14 0.35550496
17805001 8 0.508638
33928694 8 0.64447176
44932578 0 0.36710182
46431295 12 0.5024767
6274592 0 0.7246353
53627918 2 0.7262604
57035656 12 0.53626233
13687769 0 0.43588558
43086011 2 0.5942006
54039662 0 0.9185913
22237040 2 0.5852239
47027497 0 0.6596621
8676015 9 0.50228965
32216172 0 0.62693137
2951388 12 0.42589462
19209775 8 0.60698605
29636767 3 0.50633806
18428083 0 0.41894653
23402971 12 0.4960411
25814546 3 0.7355469
49333529 0 0.57036155
24385384 0 0.8680591
11144239 3 0.8470575
15910193 2 0.43073702
2568112 0 0.42806545
20874177 2 0.43731865
37851983 10 0.51207906
13779985 7 0.88634604
30209967 12 0.9187819
7184192 0 0.74198586
42066515 3 0.7117832
23943733 3 0.7370683
49058291 0 0.5464272
56486013 3 0.3677114
1007348 13 0.5139954
8377995 3 0.5769379
37580926 7 0.38874757
20039075 9 0.3755412
22866623 8 0.38230813
28672804 15 0.618241
31935619 0 0.27119943
4458726 0 0.57520324
3920801 7 0.66003793
37396687 7 0.566884
12831039 0 0.5581036
47457353 0 0.80331534
22436986 9 0.3028346
8059150 0 0.58480215
31929531 0 0.5259959
24754292 12 0.6286939
31506364 9 0.4942237
8768469 0 0.9585923
31777305 8 0.47900173
33367374 7 0.52713245
1870047 0 0.69177026
14091582 0 0.7010328
30583318 15 0.58452433
918676 3 0.8515546
53442292 0 0.42069772
42177337 12 0.56180984
26989321 0 0.5889018
22193484 3 0.9731065
43009237 10 0.48242745
36986790 0 0.57681495
27996357 3 0.6176969
50756907 3 0.52159023
18765297 7 0.68044037
45356204 10 0.2844088
6194941 8 0.4013593
6308001 12 0.67776567
49518183 0 0.6809538
52740945 12 0.88895273
35388421 15 0.50620854
827016 15 0.4957623
29465622 7 0.44053504
21420219 0 0.510508
44602902 0 0.8075712
20692386 16 0.8308396
41603586 2 0.46536186
48069989 9 0.3446661
35379203 9 0.53983223
22598306 3 0.8886974
4514382 7 0.64513695
36766239 0 0.35171604
33129475 6 0.26872358
28116657 0 0.4784409
23600068 0 0.9232867
7862323 0 0.53588134
50400050 7 0.59099853
1498211 9 0.36158147
4031408 0 0.547453
6025507 12 0.44684204
5344110 0 0.66775393
23304724 7 0.3235542
30473376 0 0.71298724
3594517 2 0.32511872
12734705 8 0.49309275
22917536 9 0.63663584
1905058 7 0.47781646
42565296 0 0.8825972
22407893 6 0.46845528
25117995 3 0.6987201
39707208 9 0.59940165
53289486 12 0.60212713
25791102 12 0.4850299
4652372 6 0.3123355
29961863 0 0.46380135
16500549 0 0.5350524
7337637 0 0.66409516
6716308 7 0.49758273
34500133 9 0.55957496
3315866 7 0.70196855
48581808 9 0.48520398
7371847 0 0.38243616
4557926 9 0.80536705
41720589 3 0.49789152
32769402 0 0.8277294
28600423 0 0.52691233
4613361 0 0.36929083
20365005 0 0.533163
38383681 0 0.44685715
4982237 9 0.83022875
16877976 0 0.7778135
35366368 0 0.6962006
12258577 0 0.31527606
14648087 9 0.6215403
29841456 9 0.6300117
19443502 0 0.4701536
6217913 9 0.4711083
4114159 8 0.68428296
5022763 15 0.8631492
49455 0 0.48810995
7208653 12 0.22205524
27531549 0 0.4561574
2104936 8 0.5790125
39986092 7 0.28123087
29748691 12 0.7483301
19144164 8 0.54740185
13655548 15 0.46657765
24632303 10 0.57990915
12954850 0 0.7401336
28997295 0 0.6017939
198071 0 0.5048651
7731654 9 0.6093292
35450834 12 0.5587426
1546447 12 0.48408088
3317675 0 0.66162866
49525265 0 0.4639866
22132268 6 0.46389866
11859973 0 0.5787439
55109057 0 0.49731955
45066624 12 0.5609397
15555271 0 0.52396715
33971781 9 0.23916452
42112489 0 0.900268
26663563 12 0.9302893
37554455 9 0.630642
6294060 0 0.25319627
26865997 0 0.4326467
23122376 15 0.5599808
34249977 0 0.49482659
17581329 0 0.80239713
22362303 0 0.3809216
8015560 0 0.6943625
9912534 9 0.99744827
20373362 7 0.47573686
53511481 8 0.44905934
4877075 9 0.47284374
5457955 0 0.72464216
29758473 0 0.36800018
53835972 0 0.42209485
45390384 9 0.4226345
5601899 9 0.627699
9298005 9 0.36661288
41848700 12 0.6776753
39635053 0 0.6711677
33976478 0 0.51971674
33133530 12 0.49385104
52694576 12 0.57486445
31009885 3 0.3305437
11975857 0 0.65191936
17982366 12 0.41570807
34174919 2 0.26161554
24081939 0 0.8897336
55151055 9 0.29152066
54112179 0 0.3511338
37290697 7 0.54848915
1214151 14 0.4735338
3973982 9 0.68029475
4303607 0 0.6845667
11500776 0 0.47536772
22643363 0 0.53450567
11888989 3 0.40069425
57414175 3 0.55399674
3118661 7 0.2635404
19486241 8 0.49564952
4669306 12 0.47244346
11089566 0 0.6320877
10683941 0 0.5123507
18883780 15 0.39427844
24680938 3 0.77866143
56088317 5 0.46583146
41652182 0 0.41733235
51019257 3 0.68464386
30899107 9 0.99166894
34475312 7 0.8414322
42046991 12 0.50085217
9352893 2 0.5334685
11727302 6 0.43357453
16213546 8 0.52933234
1847410 12 0.53706115
41520828 15 0.545035
39904267 12 0.71826196
39057368 8 0.83417785
29695399 15 0.9799685
33204614 9 0.37952185
49586004 3 0.44951198
5630546 0 0.75542814
7053701 0 0.59350723
20146808 12 0.8685497
34480468 0 0.64840806
26521477 10 0.48887146
28790438 12 0.79982126
6411372 2 0.47995448
54490636 0 0.3170385
52292171 0 0.5615149
3088955 0 0.33243686
26270368 0 0.52308816
13291292 9 0.5191136
7851402 12 0.5351464
49616740 3 0.6402383
13627567 0 0.84046006
11268020 0 0.772695
24995156 8 0.66961104
57153838 2 0.5136494
35592006 3 0.88461137
19450716 3 0.5303931
55940910 3 0.7624222
34479550 0 0.9290911
17582412 0 0.6937471
55940263 2 0.45035255
10471217 3 0.6394432
6750815 0 0.5188222
51051579 0 0.7780139
5370497 0 0.44939226
55529964 9 0.8616655
20985940 0 0.65820825
40544179 7 0.37219316
14532462 2 0.538557
27527197 8 0.30444977
430386 0 0.5248008
39251961 12 0.4570855
26584061 9 0.26991802
16045884 8 0.5599387
9670106 8 0.49015337
28168279 3 0.34823313
54952295 15 0.48136467
48205351 12 0.65841746
46438154 15 0.54345775
23916303 0 0.6105717
46950132 8 0.40520236
53983079 7 0.4091608
43277037 0 0.6446921
49218347 7 0.31223702
54898804 8 0.47665387
37273556 2 0.4859842
15359496 3 0.2463415
5124793 15 0.38763484
9607351 9 0.30460048
38837535 3 0.6690497
14502450 9 0.71575874
47631631 7 0.27975982
28742579 9 0.9365874
55179971 9 0.83450484
35590105 0 0.46828395
2398946 9 0.49315658
4945573 8 0.54947484
11185018 0 0.7168148
25986119 3 0.3975846
54329369 8 0.43264586
735001 8 0.6402422
2944194 9 0.73685545
56273796 3 0.7318887
25855129 0 0.40759844
14988230 9 0.7999933
8409738 0 0.32569775
49525957 2 0.46601453
30126694 0 0.65301204
14019827 0 0.5536111
29050575 3 0.5531362
46836340 15 0.5778062
20058862 3 0.73522717
39265081 0 0.61558
9771896 8 0.60186553
141399 12 0.5818852
272112 7 0.5590837
34860885 0 0.63542926
43170139 0 0.86654407
56166508 9 0.9053814
23928821 0 0.5958406
17693514 0 0.49197647
3927456 0 0.47927347
33594111 9 0.65491045
22113805 3 0.9836158
30528768 0 0.710061
55128133 2 0.58127856
25190465 8 0.67924994
47116248 0 0.8554076
53982522 9 0.5085735
27695656 0 0.4718696
7405312 0 0.7634388
45129170 0 0.8397005
16491939 0 0.65955746
2204941 9 0.45714417
43218910 7 0.3355104
52587187 3 0.6677354
4600783 10 0.7495903
343488 0 0.26540706
5052563 6 0.58505684
23372245 0 0.9962904
9464739 8 0.5107981
22797697 0 0.9080795
28806921 9 0.5621318
34043723 12 0.5082821
43355170 2 0.5789551
43204532 0 0.46928382
28704689 12 0.6750426
48009227 15 0.35550198
56727364 3 0.9146166
43822380 12 0.42056987
631661 15 0.61674654
51416347 0 0.6192972
30134098 0 0.43706608
7566689 3 0.40109873
39706000 12 0.9029301
13269574 6 0.36197814
21117314 8 0.64330643
28900855 0 0.45948842
5852437 12 0.5190299
40640979 2 0.4579245
11909406 12 0.6593161
1031772 8 0.55485386
44867500 0 0.896319
4536832 0 0.5470324
5991067 7 0.57537866
49096387 6 0.43366063
41023281 2 0.35763946
41425119 0 0.8083878
46880348 0 0.73095334
7052900 8 0.5307148
52070538 2 0.6389652
15412796 0 0.54011685
26278565 3 0.5825227
54977129 3 0.65674305
25313584 3 0.1983265
35585855 12 0.9705849
27984065 3 0.92122656
5367991 3 0.72553265
7675267 3 0.90136236
2442518 0 0.42959052
30936448 12 0.5491097
26209993 15 0.9126544
9163714 0 0.29761076
16748036 0 0.6412018
55517115 12 0.41667515
25262367 12 0.42360845
49022765 0 0.4118998
9122101 0 0.71779704
52138913 9 0.9959592
2532983 8 0.32346016
17531027 3 0.5664825
9815001 3 0.6496191
33394120 12 0.5634004
5258521 9 0.9577846
25822745 3 0.65060925
30854455 8 0.4692403
30721902 0 0.63324374
28369097 15 0.8157623
52140474 0 0.38995415
9858997 0 0.37661988
45383290 2 0.48912048
42858061 10 0.4722189
8029121 0 0.7905961
12929410 15 0.30290473
1648618 0 0.8701767
50442596 3 0.7148113
2228407 3 0.59071916
4654731 16 0.49131212
19672584 8 0.39948103
40284006 9 0.28779793
57339272 3 0.6675552
47112718 0 0.532112
9242912 3 0.93882686
51021693 3 0.84099007
22665475 15 0.71143365
3604673 0 0.38292423
49459478 7 0.428356
26601114 9 0.41212946
40083317 8 0.2907302
55707692 12 0.5833813
14292048 0 0.6735597
16240756 9 0.69136614
786093 0 0.5901549
19400729 0 0.9131282
45896187 9 0.31240514
21067624 0 0.5756199
44081897 3 0.84539753
11212945 7 0.51829046
4636512 15 0.2988492
13904734 2 0.35820875
15537775 0 0.54419637
22365257 0 0.3933143
50756812 3 0.53930575
52295132 7 0.5533413
47105480 9 0.7413371
46279315 9 0.51856977
22124689 16 0.40163183
16597806 1 0.46917924
10998884 3 0.3502815
56993391 15 0.5440094
30158411 12 0.5109227
4647577 0 0.7878001
8372169 0 0.47461322
53815524 0 0.6360324
56667231 7 0.44951642
3170623 8 0.8363288
1054117 8 0.3495667
49277363 0 0.49371964
43931306 12 0.62424225
30958637 8 0.3776342
4613739 3 0.49380475
39721005 12 0.42067027
18945622 12 0.70896614
7719693 9 0.6042907
35114277 12 0.6271219
24764403 12 0.62545514
31525169 7 0.6502647
35628599 9 0.3500505
39647911 0 0.78066856
17837554 0 0.53727645
8875359 7 0.47266632
5923389 0 0.54600114
39224753 3 0.72073644
26011294 15 0.5842121
19902476 9 0.9828809
16904428 15 0.62858546
14215626 10 0.5970382
3135947 0 0.46985105
25592751 0 0.46932247
54369175 8 0.853112
44014664 9 0.3198508
5971877 7 0.80919635
1398843 9 0.42094022
23039381 3 0.44120735
33749976 12 0.75764513
19797060 3 0.5593337
40733508 0 0.26178575
19546010 6 0.98635477
4211484 8 0.53484255
13783079 3 0.43712664
11121723 15 0.3102319
25554093 2 0.59194106
56926932 0 0.41362178
17844742 0 0.8870881
2106680 0 0.68294615
42057412 12 0.5089592
46528717 12 0.65666366
37659839 7 0.45624813
5878601 12 0.33982494
36619373 5 0.40446332
55277620 0 0.8480082
32767935 0 0.9006576
55017310 7 0.32517555
13606543 3 0.5726998
1352483 0 0.3725446
6623711 10 0.25549304
47455839 0 0.48457038
26529740 8 0.59134746
7870480 3 0.42968738
4062396 0 0.82234776
29998096 15 0.8106108
7933473 0 0.72124165
52475256 3 0.48490041
53077580 3 0.35463858
301024 6 0.6628841
5923908 8 0.57647276
7193733 0 0.5157914
10595778 12 0.5741012
38184390 12 0.44717333
56336174 2 0.5981866
18845687 15 0.44640386
2836820 3 0.69049346
8576186 0 0.8318383
30451479 2 0.43047532
29438008 3 0.76736236
42515255 0 0.52738833
3875183 15 0.3436656
12151178 8 0.44633052
49708857 3 0.57036746
23058259 10 0.40687457
36366786 0 0.32711086
41472137 3 0.459738
26957973 12 0.8585779
28543103 12 0.5031802
1112456 0 0.69058853
17688544 3 0.8272459
11627885 7 0.4062395
6245930 12 0.6236728
41759911 0 0.7482292
56358420 2 0.45775688
13780759 3 0.49119443
21807325 0 0.62158
764833 0 0.96767426
1536566 9 0.4732926
29110012 0 0.5164227
17739522 0 0.53669643
53517574 15 0.61603886
21217925 0 0.45364764
15491062 0 0.30463395
6642945 9 0.36452085
47544604 0 0.3004271
51691208 7 0.37404808
5698002 0 0.5148141
2486406 15 0.29896381
25716764 0 0.8718445
9257420 8 0.26878896
7725464 7 0.7505958
43515312 3 0.8792377
25544604 2 0.5071844
40640169 7 0.41335064
2965487 0 0.57707286
27580574 0 0.8679063
20931422 9 0.8597168
44300255 3 0.96934026
49310030 0 0.38284954
6256682 7 0.8921281
52993739 12 0.42551875
48914172 0 0.6381964
57374274 16 0.47748274
50734761 0 0.52748114
17536692 9 0.583913
25603091 12 0.48208913
21112360 0 0.69145
886683 0 0.6613849
55651595 7 0.36927295
15683135 7 0.8704659
20695147 15 0.4767602
48866746 0 0.91560555
34237971 3 0.7822089
1155553 9 0.44242892
2557565 9 0.55526435
10478668 8 0.5715062
43008556 14 0.2367395
29396052 3 0.38844573
26623794 9 0.59949976
31878377 3 0.7217873
40596395 3 0.7499976
24839251 10 0.40870544
39124316 2 0.4946967
13495082 8 0.45848638
12774738 9 0.76122314
52793792 0 0.71078366
3637545 0 0.3554695
31683493 7 0.45641392
4416417 7 0.26383233
32702029 8 0.26596883
54729949 0 0.73802406
22657393 9 0.6261106
42549699 9 0.6982303
3429199 0 0.5105514
15358179 10 0.36526853
41814347 3 0.56769264
25749651 0 0.5596414
36307269 16 0.8576103
46522770 3 0.5430968
40237016 0 0.5121693
17068818 0 0.7077751
29179775 2 0.3638803
56357869 0 0.94773835
995253 2 0.5198908
9639651 3 0.6988445
34822863 0 0.34570226
31783158 12 0.65497774
39447292 9 0.72738343
29311732 3 0.5971622
13262225 3 0.53623146
39213916 14 0.34287977
24644579 0 0.65417564
27974856 0 0.8515138
46694824 0 0.43036157
12426364 8 0.67722195
30128055 12 0.98573416
52454172 0 0.7742224
9819092 9 0.39164582
35423367 0 0.979077
33380070 0 0.66184855
33715501 0 0.6645453
3785366 0 0.3507987
41470767 12 0.37635535
4281149 8 0.65566367
28235133 0 0.80607164
37466494 9 0.4903427
2640601 9 0.9927563
9581501 9 0.62910247
15489360 10 0.3556709
29392651 12 0.5141496
33614195 12 0.32095814
40963044 2 0.643119
53983764 9 0.81019324
43551444 12 0.5209687
51082773 3 0.5586735
32213731 3 0.5294334
20917558 7 0.29765132
47830052 15 0.6796086
2897921 2 0.7972932
54149080 3 0.5550978
51320934 0 0.5017851
20319423 0 0.4104919
3186199 3 0.43490165
467150 3 0.4194358
35442465 10 0.35174626
57018641 0 0.7773446
42834835 12 0.4263395
1306823 15 0.64143956
39658981 12 0.98431265
42546086 9 0.5766473
46738620 9 0.6871395
46294070 3 0.5272242
6271110 15 0.6244135
50858164 10 0.35096982
22437752 8 0.2707434
3636115 0 0.5400348
29166732 8 0.46116573
40395952 7 0.52034634
30598943 0 0.702215
18322470 0 0.630637
10845718 15 0.9811681
41909073 0 0.53717595
10854446 9 0.5005941
42062157 0 0.43204236
54375801 0 0.5644984
48450833 0 0.45190254
1231178 3 0.54318255
949064 0 0.28163356
33296522 6 0.8447949
4884213 8 0.7838452
50685045 0 0.353132
4336905 0 0.77099514
5906341 8 0.69362307
40136573 0 0.8006896
34122985 10 0.50044906
4964515 0 0.64007485
34574299 0 0.56281775
2584630 8 0.58400196
2399125 7 0.72076917
47417053 12 0.7228602
28817485 9 0.66972387
6521124 0 0.4936964
44266480 3 0.6548839
34126558 0 0.8992209
25565897 3 0.7164503
12151441 12 0.6471941
6174833 7 0.44377676
27906516 0 0.40682718
36247336 2 0.30703357
30431877 10 0.2607559
2685977 0 0.36243376
13544512 7 0.33091813
10670985 0 0.42414385
38930590 9 0.49076253
41233723 12 0.6060257
52952993 6 0.52018297
2599990 0 0.5767306
24878698 8 0.48384267
29048920 0 0.3724741
25446726 2 0.7140499
3467097 0 0.5576964
15157081 0 0.5584753
34623255 3 0.54046035
9872048 0 0.4403523
2033809 12 0.45571864
18259281 15 0.5280297
50976760 15 0.3564253
43669637 0 0.5427536
6293362 0 0.35363293
42238315 2 0.6378334
53020352 0 0.602524
54525846 0 0.45616233
8307968 15 0.3843575
17505581 15 0.37797293
8932811 9 0.59444743
16098963 0 0.51179373
20164502 0 0.6716295
30929075 9 0.5157699
2436020 0 0.38044286
19652717 9 0.6622603
24556965 7 0.43852836
15506077 16 0.4271236
38890809 3 0.55258685
31713997 0 0.4923324
28378234 15 0.59621626
29158103 8 0.687296
37570825 3 0.55677205
5236067 9 0.5681479
234872 9 0.5855228
10140553 2 0.36849105
27764786 3 0.66556174
36779113 12 0.5966952
7720349 0 0.45512378
17712588 7 0.4660438
50795106 3 0.38194704
54025652 0 0.43433458
1548075 3 0.7605152
38448414 0 0.79679304
28247487 8 0.8776884
55803678 0 0.4339001
11940448 0 0.31375498
43932548 0 0.28232884
905029 7 0.5021978
3656454 8 0.42020535
40982525 12 0.79927015
10664512 9 0.5471983
32633718 9 0.39032543
733971 0 0.48567328
3994801 0 0.4621175
8242915 2 0.38220173
4110964 15 0.62584996
56472423 15 0.4266482
14313337 15 0.3882967
31184512 12 0.60344905
13789646 0 0.37542075
37684249 0 0.4109887
55640018 3 0.6586856
54695663 0 0.38365793
2431991 3 0.28262922
36046023 2 0.98806924
39684262 15 0.3072917
20829337 0 0.42588177
11085305 9 0.40802392
35089015 9 0.7701215
24163365 0 0.50718224
13268625 15 0.3544733
35306680 0 0.7269493
2390911 15 0.5848374
8451 7 0.55045307
46527186 12 0.3737711
33378961 0 0.6841213
33425516 12 0.6996717
6175410 15 0.575967
24244090 0 0.39437112
3196600 10 0.4791904
18788929 0 0.29601339
53561342 0 0.46700677
16754859 0 0.65120786
13566248 8 0.48978207
39442407 0 0.54681355
47352382 9 0.4344403
41017227 0 0.91772693
2501087 0 0.3704872
57063250 3 0.67792535
8795733 12 0.5227046
48900821 0 0.5994559
26360194 3 0.76782984
44435791 3 0.55760086
50075243 0 0.6599372
14405356 9 0.39801967
50980632 16 0.40743977
11082432 12 0.86099726
26928012 12 0.95183325
28339833 15 0.5769583
27153549 3 0.92299455
10460693 0 0.5375595
40906079 0 0.41798034
17816312 0 0.34878078
24314097 15 0.6730834
26682128 16 0.66029364
52059476 12 0.4482573
10786696 9 0.51768124
32210995 0 0.6274748
18323738 0 0.82639295
37739285 7 0.40769336
1277226 3 0.66335076
26083954 16 0.56825984
51012511 2 0.6142483
13691249 0 0.4034693
54211852 7 0.63459855
42600722 0 0.89812297
20081312 15 0.5383382
7391758 8 0.37938955
55983937 15 0.42636868
52240053 0 0.4527547
12228955 8 0.5183869
19218730 15 0.88724744
35324222 0 0.51375055
36258135 3 0.7896783
32698665 9 0.56100714
32286211 0 0.7248273
7573754 3 0.9663834
18550409 15 0.6154188
57456546 12 0.3900295
17316178 3 0.7399117
17443358 8 0.64890397
23138476 3 0.4075043
13044991 9 0.70487064
50283099 7 0.5611347
16020273 3 0.5290756
5649493 9 0.6573423
20799250 7 0.65605783
41364503 9 0.6105328
11952370 15 0.52901727
5551989 10 0.45576724
52003983 0 0.45784497
43757819 3 0.519626
29008145 7 0.3464715
47430121 0 0.4874818
46764715 13 0.4200825
29767626 0 0.509736
440200 0 0.9126941
926172 0 0.84984094
37591878 8 0.79923606
4780410 7 0.61009926
56285868 2 0.70549476
36433045 9 0.3688125
49969843 0 0.8314755
43257595 3 0.26613703
49211 3 0.5157686
22523640 0 0.95818746
33788687 7 0.39595965
53021188 0 0.4232478
45910139 3 0.8723669
36775770 0 0.4865921
2133594 8 0.44107422
29711031 7 0.87307036
7804627 7 0.30437002
39532263 0 0.64337635
36555930 3 0.71588516
10879658 3 0.78863156
38769188 12 0.49655613
46681153 7 0.5003538
22440892 0 0.7867054
5374955 2 0.4679099
9827551 0 0.37550735
48569419 15 0.4132648
45361318 0 0.9207583
10146539 12 0.6031772
1217302 12 0.38057205
7547791 3 0.86448264
8439004 10 0.44389427
7546911 3 0.7970846
24480942 8 0.5888179
19762006 0 0.62483907
11176998 0 0.42382967
7519665 0 0.54912305
32942854 6 0.48917907
24719018 15 0.6733412
57155121 2 0.54995966
34243955 0 0.41893324
9400210 7 0.9134803
6275733 12 0.3469256
18154643 0 0.4201084
5890112 15 0.7990807
55059313 8 0.5876351
57185436 7 0.32272905
47620909 10 0.512761
55015935 3 0.6004951
12713715 6 0.46753034
57494986 2 0.8279158
39191108 0 0.55709285
53478054 0 0.44743964
18997558 9 0.45483917
42799709 0 0.65092015
41073544 0 0.5886036
39342233 15 0.31274173
7485332 7 0.46622765
42098305 6 0.56357217
46576327 7 0.48135236
20701088 8 0.24959406
29057786 0 0.62481016
20111827 0 0.72957546
8281427 0 0.670202
55054187 15 0.83972424
23709188 8 0.54240334
27904600 3 0.8496466
39797321 3 0.44041786
48795314 0 0.5956637
15154023 10 0.45230553
25506611 3 0.6225789
44266617 3 0.6636978
12628496 3 0.6745155
30840972 3 0.5581146
12692755 9 0.44073373
21128374 2 0.5740832
2815667 2 0.27841297
2650073 0 0.37244684
23866224 0 0.55170685
18246086 7 0.5475165
25263104 9 0.9745539
11714868 9 0.6681516
12776320 2 0.4578904
16403969 8 0.77398074
2811420 8 0.4891087
8861852 2 0.58486706
16775911 3 0.5246606
49951171 0 0.5499904
37440521 12 0.60770977
56119898 0 0.9126332
19984535 0 0.5106139
198625 8 0.27007866
37965960 12 0.8496956
1481793 15 0.5924518
15962527 0 0.48826656
27411379 10 0.49881384
10110014 0 0.45920107
23112242 3 0.44802883
3723922 12 0.36521807
27940708 2 0.8716575
19024809 3 0.7502647
43192493 12 0.8571269
4825400 2 0.39473927
45906255 3 0.5352698
14571570 0 0.47923517
8463142 0 0.4189466
5551767 2 0.43258104
50097392 2 0.4250077
14069999 0 0.68449336
38513954 12 0.6659733
20140712 7 0.63105047
21975741 14 0.6907543
5687392 0 0.63423795
58632655 2 0.45939767
59225835 0 0.39438024
57857071 8 0.5138216
58295885 15 0.48915935
59334696 0 0.5632167
59438047 3 0.65124
58940945 3 0.63648504
58358921 3 0.3152865
58065209 6 0.5020746
58068362 2 0.5569462
59402220 7 0.5576437
59400062 12 0.57567525
59204804 3 0.67841226
57878907 3 0.36134145
58661163 0 0.6969416
59454423 3 0.47106755
58097935 3 0.52084666
58366312 7 0.39798406
59424466 3 0.7429068
59312388 0 0.41892973
59313462 3 0.91635156
58189122 14 0.36106458
58821474 9 0.5194397
58677172 0 0.52996796
59357960 8 0.34137806
59212816 7 0.7245196
58715413 6 0.67417264
59406787 7 0.6251901
58495265 0 0.2904514
59117687 0 0.6911397
59157355 0 0.9008054
58832662 3 0.70640117
57753029 9 0.8470864
58997910 3 0.7290771
57837560 2 0.5157754
59604979 0 0.6932838
59638544 3 0.36324325
59732415 12 0.3051046
59894378 3 0.5111381
59919379 15 0.8179484
59939953 9 0.49080977
59974564 10 0.42832348
60016795 12 0.7767254
60051728 12 0.5512839
60089169 0 0.49084648
60137758 12 0.8089144
60203625 0 0.7017903
60285735 8 0.40890616
60377352 3 0.38751912
60405667 3 0.9086464
60475527 0 0.5737588
60533776 9 0.4397073
60626854 12 0.99173677
60695201 12 0.43916813
60686526 12 0.6259416
60677627 0 0.9186871
60717376 9 0.5146762
60855338 6 0.530206
60940679 11 0.41673845
60968761 9 0.3437838
60997745 3 0.5689488
61039309 7 0.50720763
61025657 0 0.6147267
61073106 3 0.80648637
61094180 3 0.4661273
61298966 7 0.5213067
61313699 12 0.79002947
61315239 6 0.60648805
61356765 0 0.503273
61446887 0 0.98037606
61534449 0 0.68424237
38399660 0 0.5644317
49699887 3 0.51662976
16823429 0 0.2914612
8336778 3 0.58928776
29575057 0 0.44815126
20759415 7 0.6356772
11408369 6 0.38813227
56225864 15 0.8773121
38450767 2 0.33668935
6903942 12 0.31983823
18299871 0 0.61009204
54532648 7 0.48917952
49653346 3 0.73787886
14143730 8 0.58945596
8468638 14 0.2812454
7362607 2 0.4081802
34501203 2 0.5509375
22491520 6 0.35372815
38585870 3 0.92803997
6415003 0 0.49215227
30785945 6 0.4133119
32344529 15 0.98744273
30319394 8 0.58103406
38232728 6 0.80407447
55297953 8 0.61172825
1525658 0 0.4080488
20813730 3 0.85883385
41942917 0 0.5159157
1537478 8 0.485068
40942725 0 0.47110778
4603041 0 0.37177914
15274713 0 0.5469175
47406617 12 0.52626234
18857737 6 0.5564587
22373305 3 0.5245945
56113710 10 0.36558193
877392 0 0.43327352
41576726 12 0.8968733
5164423 10 0.42167082
5385629 10 0.28842083
56979490 12 0.48761964
29473330 12 0.45364875
47018672 12 0.72990626
32588747 2 0.985727
20260523 15 0.31110612
35374480 0 0.48459205
39210356 3 0.6744622
34991975 12 0.4908535
40644003 8 0.5707193
38421168 8 0.51947516
9664298 6 0.5203917
15213139 8 0.41216427
13113595 0 0.59411114
39492898 8 0.62317073
14985664 3 0.371209
8176173 12 0.4841248
24487084 12 0.48125312
31760532 3 0.5211697
17024769 2 0.34734616
31552632 0 0.3720058
32210675 6 0.7921758
43716012 15 0.46597838
56939929 7 0.56752974
44420309 9 0.42832467
30032200 7 0.40622613
26779410 0 0.5667864
41357008 9 0.30053774
14325501 16 0.58669627
53888680 12 0.46170232
29729180 1 0.25675815
33542023 7 0.57176244
17196743 0 0.68928283
3637918 0 0.54570794
38342326 12 0.46788254
44680703 3 0.3873994
13320685 16 0.5663264
54539273 3 0.783285
47556223 10 0.41035387
30548018 1 0.7448686
47247118 14 0.51130456
7734045 0 0.85187626
24087813 0 0.73163605
45779676 3 0.81721944
34762320 12 0.6307747
43699490 10 0.6260037
41945296 9 0.49018988
10011474 0 0.6243339
52749038 3 0.99367654
33603141 3 0.7030397
57157677 6 0.4715863
32354566 0 0.35743648
27926763 6 0.5494387
32203152 8 0.56144494
49795411 3 0.61148196
34975722 3 0.5426929
56717403 3 0.7794551
48298762 8 0.54487634
34289094 3 0.41996053
46893649 16 0.48420852
24582567 8 0.67038727
30999473 7 0.5996243
48821216 5 0.3734231
1509154 8 0.52350324
55022973 2 0.33488673
9499670 6 0.5459388
55007614 10 0.3822324
21885140 3 0.39412275
56995561 3 0.8002783
15134449 0 0.5816415
42285185 2 0.3453161
8388945 12 0.7922418
22977476 14 0.4532106
9228225 10 0.45530045
53749797 12 0.73132545
8874552 10 0.25764465
4486383 0 0.37411326
41061486 2 0.42089286
7709550 0 0.3337609
28791536 12 0.5259857
12653741 8 0.6811906
25081033 9 0.63810825
54020396 15 0.42778236
40150116 0 0.4520206
23591844 0 0.72333664
9114463 10 0.34356484
54374074 3 0.9325538
23942593 0 0.6934632
16820238 3 0.2919152
35880360 7 0.39003152
8097244 9 0.6226533
9840585 0 0.94786656
4653390 0 0.46805036
3248925 0 0.3910719
2621436 7 0.43353444
49470647 0 0.31981605
11698363 12 0.7791086
13544426 12 0.90377057
37843061 12 0.54946786
26141835 3 0.57253176
21024399 3 0.8196851
909035 3 0.49342787
18694783 3 0.5586706
21180035 12 0.92755336
34857728 9 0.5115511
22152831 6 0.36782265
27936753 0 0.31583917
30809671 0 0.47165367
46219725 2 0.6910937
32214731 3 0.25838274
1045183 0 0.72520036
41006471 6 0.8337275
24766691 15 0.32963687
8114417 0 0.65715545
34826391 8 0.66369104
53051700 12 0.74439174
55386742 6 0.47138935
8015495 12 0.5012708
9467475 14 0.5469658
43018107 12 0.44737086
55261649 12 0.73567295
10755084 2 0.6132965
50543950 2 0.3342335
43942448 7 0.43786064
50489951 3 0.5387525
1262081 8 0.38214388
54032122 6 0.31722444
30930345 8 0.4573659
10742451 3 0.5523745
27010912 3 0.56596005
25988590 8 0.25846732
20078984 0 0.4817975
6054092 8 0.38507548
901279 14 0.35783458
41721366 7 0.5671807
18477448 9 0.46230173
29482989 12 0.66434306
28248882 7 0.818497
8586970 0 0.4029166
27423889 9 0.76522666
45199170 0 0.41342312
50029530 12 0.6307145
24068137 6 0.39835018
56945207 0 0.35280594
21302960 9 0.6106777
48297084 9 0.6286988
14543596 12 0.41120782
43137255 8 0.6726127
8566147 14 0.30865583
51473920 8 0.5455572
25116612 12 0.88996625
28233023 12 0.6931602
9010198 10 0.5116273
44543277 8 0.44475284
44895791 8 0.5583656
18026712 12 0.84843224
23201146 12 0.30333418
11888358 6 0.80851644
1357569 3 0.66247565
4508749 12 0.61067885
36206199 9 0.44867888
39709887 0 0.73329455
24974733 3 0.9527974
55395057 2 0.35684484
40570987 7 0.45965213
30475758 3 0.86498183
47733366 12 0.6079523
13793634 12 0.7930884
50311120 10 0.39635232
1906691 0 0.505616
48758588 3 0.89103407
48768226 2 0.26481986
49518414 12 0.43239346
8593921 0 0.45457318
53631552 2 0.4627759
33473473 9 0.48409623
56174027 6 0.6274101
48778196 3 0.5823907
28489153 0 0.39425367
50976612 6 0.41169748
49632329 8 0.376564
24024662 0 0.40690833
14529600 3 0.56660503
50542565 0 0.45167506
44302687 3 0.38309526
55309477 3 0.6279436
24366160 9 0.8679667
8812151 3 0.2916056
32617932 8 0.533811
11651632 3 0.8500882
6452756 2 0.39655963
52577019 2 0.31355277
1486056 8 0.58873063
6504730 0 0.5306194
23789109 6 0.3280721
43429079 10 0.3656664
28494480 0 0.78779393
41111176 2 0.5000832
18162581 6 0.8995772
55588121 12 0.4667872
13123777 3 0.49722973
18388721 0 0.45828173
5537334 8 0.6416922
50347455 3 0.8615168
47621727 9 0.22443527
19445861 16 0.43668336
22371410 6 0.480123
19383270 0 0.37082693
11709500 14 0.28184143
33637615 8 0.48550418
50306570 7 0.32470095
11099562 0 0.6490443
39088633 12 0.6751478
18034145 8 0.7801043
56458581 7 0.5998858
32554950 15 0.30411506
5227686 9 0.45854524
40198728 6 0.6255052
57055338 15 0.36754918
28113156 3 0.52642924
9875407 6 0.34947446
5495559 10 0.3971069
15000688 12 0.93342626
27850890 2 0.20059504
11589036 3 0.49206942
26503146 12 0.49437913
8125685 3 0.503325
54748674 3 0.26837033
41646726 8 0.4907276
42796955 6 0.59329927
50625312 6 0.58724844
21863409 10 0.566669
30446431 8 0.47394088
33979956 2 0.40841398
36931928 1 0.33855754
904346 6 0.34871718
34943791 12 0.48901275
44323601 10 0.44551316
19352937 0 0.59359086
36085429 10 0.25016943
53104296 2 0.33388367
16484960 6 0.5326258
38676354 3 0.43606806
15449756 12 0.9626166
2498009 0 0.49466157
45838973 3 0.34482726
37995397 9 0.33948275
50131184 2 0.7934153
13171054 15 0.8076751
46840827 8 0.45192137
15574601 0 0.88311017
55227619 8 0.35580677
13328214 0 0.6882165
21862706 12 0.9400661
3036134 0 0.83549464
38724981 0 0.4511826
30786218 3 0.35668117
57292210 3 0.38335356
12164371 2 0.9865451
52362713 10 0.5434176
28399363 3 0.40018183
1145164 10 0.49189952
23018702 9 0.47557202
16103425 6 0.78364354
48462026 10 0.37296355
20115147 12 0.67425734
6029407 0 0.5257597
28185382 0 0.4945927
51215190 3 0.44776976
53681750 10 0.58120865
44546272 3 0.33972675
7318368 0 0.5642062
15459321 0 0.65908813
23732575 0 0.5726085
9384412 2 0.9866884
32262491 12 0.61921775
14424764 9 0.45945075
28937948 12 0.73312026
51769986 10 0.40945843
11976568 3 0.43688595
17646742 7 0.5019243
56504297 8 0.60144377
51259965 8 0.5859456
21896874 12 0.36192086
1870415 8 0.9911112
36851896 12 0.79830503
28756446 12 0.82665473
55650207 0 0.45271626
47668236 8 0.6101758
51733627 12 0.53298575
14220340 3 0.8702701
24167453 6 0.38230327
8272822 3 0.70956016
28738166 9 0.31439582
23764736 9 0.4086159
51755493 10 0.2952802
38121372 6 0.63733935
34465275 9 0.62416065
54887152 8 0.6355522
4403816 8 0.46822044
40077682 15 0.36107045
41648749 8 0.3989064
55620287 12 0.77004826
41378155 14 0.46577305
7241453 6 0.45231125
47405980 12 0.5788734
24933452 9 0.443086
41948018 12 0.5674841
38146486 12 0.6974695
49477520 3 0.4843659
57148026 3 0.82250696
27232053 3 0.66105354
29211061 8 0.3659285
3125547 0 0.7774447
25809033 9 0.2585067
42817362 12 0.8480727
11413860 0 0.7971131
7656219 0 0.8078078
3904977 7 0.33487
108518 0 0.26303208
177363 0 0.6661556
24191323 9 0.46873724
19338395 6 0.44187927
14698470 11 0.39974436
20351155 2 0.8778104
18204984 0 0.737565
55846989 3 0.6130739
2378060 6 0.39272967
23023058 3 0.36302635
48080919 3 0.51624095
30857721 14 0.26318696
7078255 12 0.39386567
32933411 12 0.6275665
5132939 12 0.7026018
16496530 0 0.54986936
32574728 0 0.4949294
42134433 0 0.39957625
1010875 0 0.73454994
32519027 3 0.38702834
29477569 15 0.5295224
42343574 8 0.44511008
12915120 3 0.39180708
51831005 9 0.68971956
23638939 8 0.34604594
34388889 6 0.62245184
50750417 0 0.35906142
10430739 12 0.35934272
50134642 12 0.55630016
41037811 16 0.3404421
52006356 12 0.55515414
5288076 0 0.4018836
5587258 9 0.68941736
17897441 2 0.54397374
27871231 6 0.44085863
43634876 8 0.5336377
44276457 0 0.5480952
24752823 8 0.39136145
47045979 3 0.40608975
36450016 7 0.3877404
38328050 8 0.46035892
28813884 6 0.23582451
15053418 7 0.5183488
3249100 10 0.3473128
28381260 8 0.68827075
21012866 3 0.5045392
24081470 6 0.34408218
38016162 6 0.47235087
57700439 0 0.6768198
56774274 3 0.43299702
36955261 0 0.9659937
16015408 3 0.8981815
34394736 6 0.43926087
31141287 6 0.680821
25609064 3 0.36430934
54000689 12 0.5849472
16510204 8 0.7889296
5125041 0 0.51950264
30520263 3 0.7031936
22102312 15 0.60323125
35419143 3 0.45720586
17887063 10 0.44903255
4533898 6 0.7075944
1484440 0 0.69161433
33378288 2 0.38835105
53065168 14 0.40542668
33051972 3 0.5481315
28498894 2 0.36009005
41808771 10 0.5579772
6830447 3 0.76764137
21361345 7 0.9863495
40669079 15 0.8310139
38398905 7 0.8027058
57422945 6 0.54489666
32448912 2 0.73060286
24060520 6 0.39699093
32733914 2 0.4539529
4603512 6 0.7559532
21874152 11 0.5902592
46216722 3 0.3194684
34169937 0 0.3065226
35241696 12 0.39893335
40093175 3 0.51526874
43499368 2 0.57401925
6775191 10 0.28260344
32604425 10 0.71696264
51160425 3 0.50870085
11306567 6 0.34743568
14441734 2 0.5971832
50609731 3 0.55055755
50617132 6 0.44227478
39115958 3 0.404807
12120175 0 0.69085044
11867782 12 0.6082869
37737857 3 0.82080865
5761124 0 0.74138427
302914 0 0.4063699
3317523 0 0.38008505
53155166 9 0.42899048
31671783 8 0.3491694
9144536 0 0.9737705
49760939 0 0.5531906
52184170 12 0.59672064
24900785 12 0.8959649
13913818 6 0.34591076
35718854 10 0.4749257
34318414 14 0.2574031
40436739 0 0.7643274
57385412 3 0.5781139
55967408 3 0.48277274
38859644 9 0.5294241
40362351 12 0.99414915
8317508 0 0.72098017
39798828 2 0.728367
50606890 0 0.50173974
44635285 12 0.47030887
11277324 12 0.72034186
56600007 3 0.40861484
31880563 10 0.5595329
1998684 12 0.48977345
20279400 8 0.81308275
27246803 3 0.80304056
40118122 12 0.35673007
5582678 0 0.49582478
47261276 15 0.6691344
30125416 3 0.69368756
7324425 6 0.5029495
23588331 12 0.49872032
19221108 2 0.43298998
44156840 10 0.25380024
54766508 12 0.4344659
56043589 9 0.61452365
34556368 8 0.6205159
31361065 2 0.5563674
11534671 8 0.50347155
1956846 7 0.44129297
29839865 0 0.79128975
17688972 6 0.8149094
57701043 0 0.5256497
39731142 7 0.7432702
583955 8 0.47408584
54355676 0 0.4098078
13966421 10 0.4012532
6607953 6 0.82737565
14314785 8 0.487025
12644437 12 0.5079985
15024583 6 0.5820546
32532836 12 0.5962145
4953321 0 0.7192502
26212422 3 0.61570287
16296328 12 0.5031502
35024688 3 0.47094232
13149040 0 0.36917248
56886957 6 0.8116726
15298631 9 0.57076573
14955559 12 0.541242
42519342 9 0.3598313
12459051 2 0.46798426
53992440 2 0.587523
16878936 0 0.5906249
35723173 0 0.49934494
18679696 3 0.38993996
49536110 12 0.49566838
26334184 0 0.4607813
26714704 12 0.39485317
25135407 15 0.47257635
43342661 3 0.6742692
43905765 3 0.9396104
28614032 3 0.507269
16231046 6 0.3075373
26411447 0 0.47912565
38125254 12 0.38701367
53834059 12 0.4965581
14137822 12 0.6698744
22436615 0 0.7642345
24190908 3 0.73755133
4901524 8 0.48559073
39171229 2 0.52879655
17672696 3 0.71857923
15699450 12 0.48064652
44083326 3 0.9261511
34349217 6 0.8343671
45049847 6 0.23142317
32639324 3 0.4003047
56859488 12 0.7727307
11449284 6 0.6149828
22969876 12 0.48423415
10576301 8 0.61858416
42172988 9 0.62326604
17354101 6 0.34294173
14681443 8 0.594828
27316456 16 0.52847797
36368925 0 0.41642871
21180556 12 0.71955377
42272823 0 0.40450704
49307757 8 0.5285206
30422918 0 0.42639706
799932 3 0.49534735
20577038 0 0.31089097
30858625 0 0.42344663
26655432 8 0.4838088
22595607 8 0.371962
20266368 3 0.54724103
53168146 3 0.7595464
3623610 8 0.57323873
15936668 6 0.59782493
34350030 0 0.7508506
23095157 7 0.41539785
13030311 0 0.7763598
3181583 2 0.24852152
22970459 0 0.6756335
44996810 6 0.7257189
27374674 12 0.9861579
18567239 0 0.21284537
31366107 3 0.6754372
55149232 9 0.36907703
22431334 0 0.3119248
11311831 3 0.46759358
2022033 10 0.43915468
31704482 9 0.3108089
9395737 0 0.39321348
27375175 3 0.3465694
34570800 8 0.30368856
52221552 8 0.6635251
19129133 13 0.57392806
24825349 8 0.46364364
14263346 3 0.43327054
57102819 3 0.39351755
32770111 8 0.45121577
19396116 9 0.49328858
30865410 2 0.33722836
56223433 8 0.6376275
13818567 3 0.8928832
6980431 12 0.52275604
36114891 15 0.5855963
11145253 16 0.75871474
13307542 8 0.44862524
57151382 15 0.45307255
3993697 7 0.8326139
8423100 9 0.30851716
27412487 3 0.6130003
23975878 0 0.35744244
32582558 3 0.6947579
48846976 2 0.3465478
49275376 10 0.88352823
30143148 14 0.53786564
20655901 3 0.66657674
55242543 0 0.39029917
25295488 0 0.44477037
56488453 12 0.5389196
30117975 9 0.69823027
26019683 6 0.37987164
47923489 8 0.41214937
50700226 3 0.881047
50705695 3 0.41286886
4625651 2 0.35675588
30150684 2 0.8725405
15092589 2 0.5530015
52457511 0 0.5231691
34603104 2 0.7389064
38852618 0 0.44985175
53316268 12 0.7128442
12438379 12 0.2718913
6327345 3 0.71668434
52366199 6 0.84367937
41869313 7 0.61887825
4500753 2 0.4075418
37047379 6 0.42004493
54733915 2 0.5188106
19029647 8 0.34247783
27218516 0 0.31567428
30535767 8 0.3936022
35434916 9 0.34503177
51148116 9 0.3724052
42718957 8 0.48713452
10110211 2 0.2878118
39752598 12 0.65584075
53579416 15 0.51275265
55015227 3 0.548161
31491640 0 0.60931253
36940042 2 0.51802254
14083667 12 0.736988
22158481 3 0.42245847
6513752 0 0.57042223
35066482 2 0.39895102
55016393 10 0.28847036
40970048 8 0.36940736
28647807 0 0.87322056
38288132 8 0.4911941
13536802 12 0.6546719
11040692 12 0.5979313
52975396 3 0.9437858
9022824 15 0.45303226
7461819 3 0.7003705
47096415 8 0.58385
28296985 12 0.39502794
33884862 0 0.4519151
36966845 0 0.59004307
38541468 9 0.43352154
56548616 7 0.8173358
36893510 12 0.56457454
52663687 4 0.92656225
11337824 8 0.5033589
14460776 0 0.3375262
27315687 3 0.72185135
31151139 9 0.9214928
56126171 12 0.75745994
38545180 12 0.48891285
21160553 0 0.43812844
21555926 3 0.40705875
1460546 6 0.65042794
37295774 8 0.545628
23271602 3 0.5498828
45423486 16 0.40304312
43632120 12 0.64431566
34922935 8 0.5590855
10855348 10 0.30795795
14415178 9 0.38680962
54626550 3 0.41705173
31777362 12 0.67456067
48820941 15 0.52906764
22563864 0 0.3656314
23795390 6 0.3991578
37782215 3 0.42396012
22521324 3 0.5205144
22534732 0 0.52514243
53246920 12 0.82672745
49401811 12 0.34052697
25878671 12 0.44210228
13335688 3 0.47422966
283726 7 0.5067684
37163270 2 0.31779322
24041118 2 0.78136873
36626031 2 0.935414
50035674 10 0.3729648
53886053 3 0.6896086
56465807 12 0.7881694
13299538 2 0.32873082
20775792 3 0.9840467
7364319 0 0.7325728
1130360 6 0.448871
5289704 9 0.535036
47044011 3 0.5816827
3298054 6 0.56740636
12292727 12 0.84169453
42676575 3 0.32855585
12283237 6 0.40438133
8077056 2 0.62183326
39125635 2 0.75165564
9946334 7 0.37036353
18628127 6 0.66955835
10224235 8 0.46977636
11631428 2 0.5005399
34023278 10 0.6037012
6068963 12 0.5997387
17561767 3 0.44315848
22953798 12 0.8932172
11683021 6 0.6452005
22002999 12 0.384952
40586525 12 0.6057172
19237600 2 0.49622807
2012645 3 0.5449651
52073156 3 0.3218781
11705815 8 0.60763437
18077528 12 0.5701665
22331687 12 0.37841263
39307915 8 0.7229566
51065913 0 0.32706648
3195788 0 0.43822944
16962248 8 0.38806736
432570 9 0.8111925
33261626 10 0.9934609
51438184 9 0.20297372
57011282 8 0.37961823
9400752 6 0.56456465
32351999 12 0.5232571
11248070 3 0.53331256
13101150 16 0.32309222
42440820 12 0.5930335
44224117 0 0.50126606
2777833 10 0.4806859
2708389 12 0.41956368
7186315 0 0.9072864
31080484 12 0.4222652
21445309 12 0.4584912
56211447 6 0.22416703
40045742 3 0.9861491
26221413 0 0.4585274
14423008 15 0.5702058
33716350 10 0.3235396
50709293 3 0.7861424
29483952 6 0.5458806
40646410 12 0.50701153
18106478 8 0.35217977
14185202 2 0.5021764
19287983 0 0.520616
2571620 0 0.7744544
37858854 9 0.40638462
39358826 3 0.5635436
6329722 16 0.3980483
19660943 12 0.62524897
51669302 6 0.43859848
16967365 9 0.89071465
7985744 12 0.38595718
33814916 3 0.77603495
2256950 6 0.5682714
40765572 15 0.5872572
40577847 0 0.5298377
27954979 3 0.8283179
2166098 10 0.53199077
21076670 9 0.5971426
17746263 3 0.48663288
19833187 0 0.4067237
7787212 8 0.91350347
21252677 9 0.749786
50119190 0 0.51685935
34111944 0 0.42477423
12187689 12 0.9233473
56200476 3 0.5294745
27355541 6 0.85927945
52384113 6 0.6446273
33769432 10 0.3761089
17546977 12 0.76595837
52859371 3 0.7679103
11027484 6 0.8219386
49827732 9 0.63320416
49912836 3 0.34698185
16638396 0 0.61004907
3962902 9 0.39003372
20885832 2 0.38080075
21810113 8 0.54278505
23053763 12 0.4725328
55347578 8 0.57433766
4972821 8 0.53365934
35328007 14 0.5036502
4111808 0 0.5213701
4052594 12 0.5433291
56027607 12 0.70985806
4866672 3 0.52157205
29987200 2 0.3519449
36136963 9 0.8104507
57363349 0 0.568026
50496176 12 0.30076477
55100877 6 0.38593733
34324466 3 0.61986303
28437172 2 0.6161006
43334264 15 0.36678404
37804081 3 0.5310451
29624375 3 0.8292202
50529877 0 0.41152543
26216789 3 0.52175367
7064904 12 0.63533145
50192908 12 0.5451674
33396230 12 0.57972926
56155232 6 0.37474617
6760778 3 0.7324473
55491049 10 0.77281445
28047751 0 0.35601756
31307226 3 0.5105623
19301100 3 0.41751307
52601514 3 0.8699008
45669056 12 0.53179824
7506223 8 0.41412717
25476221 12 0.44480118
6824720 0 0.57064974
15519710 10 0.3811009
22283973 8 0.63464797
1492118 2 0.40492478
35802643 7 0.29710588
331468 0 0.37634906
47138893 9 0.5888167
2498978 0 0.5766267
57738412 3 0.5732582
11924926 12 0.5414219
18152523 8 0.3898827
22117011 0 0.33818364
12175433 12 0.5816301
48947765 3 0.59007967
27138148 0 0.5493245
25343105 8 0.46314493
30006008 12 0.45394728
25997797 2 0.445928
26098819 6 0.62111574
41754611 2 0.39738593
39314896 2 0.42787865
11227991 8 0.3674445
1529208 12 0.4750068
3525826 12 0.4500327
55258304 8 0.68397164
57121137 6 0.6113028
23864214 3 0.8506295
55736126 12 0.5158941
46428251 0 0.3188908
46549917 2 0.8252629
49814659 0 0.5409695
56420527 8 0.49376884
35837885 2 0.9180335
51286467 2 0.41805336
52734570 3 0.5345154
55534844 12 0.4504603
7878327 2 0.29728833
30464974 12 0.8591982
38772211 12 0.51364887
56219495 8 0.71734
6019094 10 0.49963796
48024793 8 0.38173783
36811450 6 0.9663847
34369789 8 0.66401637
18843466 6 0.39945796
30511459 3 0.4663094
27719154 2 0.4503829
22607121 2 0.48019278
3972693 0 0.45982453
8517359 0 0.97118515
26667305 8 0.74402857
25368869 2 0.5358342
55902526 3 0.4735036
23074495 12 0.6428859
29909696 15 0.4487504
57718245 12 0.30568388
13287994 12 0.74902785
30705301 8 0.62153196
10577080 6 0.5817139
46276647 9 0.31434587
5232067 9 0.47258788
2951541 3 0.9795366
14654277 3 0.6832878
21569295 7 0.5106657
18860182 3 0.9262637
6200483 0 0.63297004
40405732 10 0.5216293
57176148 6 0.54426765
3421809 3 0.38641652
31586701 3 0.80622023
9752682 0 0.48702994
4236526 2 0.3040888
1617277 3 0.5170258
22559503 15 0.46895996
14610451 0 0.8369829
55665312 3 0.52804685
56292411 6 0.5850794
33640084 8 0.33045763
49878604 8 0.45329764
50223373 8 0.6694385
57561424 2 0.8515137
40601847 12 0.52036
24080135 12 0.84597576
49563587 6 0.34441888
43377862 3 0.26843244
29267897 3 0.7592863
27396474 3 0.6140684
28307339 12 0.987932
52691510 8 0.6066048
46312900 3 0.7017339
40290777 12 0.38992757
50027194 0 0.8384636
49478640 12 0.5670968
360259 8 0.5059594
31910218 6 0.6115687
45461770 12 0.8178714
47821196 9 0.5658438
20002029 3 0.5394892
19130498 12 0.5573368
54398728 3 0.8471025
43833859 12 0.75059736
29854095 2 0.6048783
13370971 12 0.50080603
31026904 12 0.42162597
5437240 9 0.56098664
21172781 3 0.89848
57480082 8 0.6706295
912850 0 0.8088721
44097053 10 0.3636358
50241181 8 0.3927896
32151835 3 0.8444041
35945781 9 0.42174977
26520780 8 0.5246576
27434784 2 0.40811792
55171718 3 0.89451647
56708485 3 0.5017199
48997526 0 0.3883688
31407383 9 0.5129547
7551942 6 0.75459975
24313937 0 0.82875973
17127824 2 0.8210845
19414499 0 0.39350027
18040157 2 0.44768593
57391179 2 0.3979237
48673289 3 0.6836916
8160240 6 0.7158666
16198145 3 0.8369251
6289032 7 0.41140082
56923131 0 0.30832866
25305282 8 0.55771095
11462129 0 0.6180511
33763727 7 0.59625584
39328143 8 0.591176
29760112 12 0.6546199
12774870 12 0.52192783
41520270 2 0.40582952
30040189 0 0.4135632
9541439 12 0.5950934
13325125 0 0.82131517
43267412 2 0.68271124
23153159 12 0.5323599
55398804 7 0.6787956
31303311 0 0.40616205
5674541 0 0.32468525
53397334 0 0.5250776
15370135 15 0.5916609
20240078 12 0.29148772
43326756 6 0.54639494
50955962 3 0.88210785
57257093 9 0.85822225
13680410 6 0.63275075
54353039 3 0.88131094
18261740 3 0.6126554
27342535 12 0.51640004
33476529 3 0.83150357
34053868 12 0.8300428
20346174 3 0.8963866
39491150 6 0.6632898
2061804 0 0.2780587
30143379 12 0.32372984
52835123 10 0.86406595
28785372 6 0.7668049
40063533 6 0.65691525
15027321 12 0.63750213
54694691 2 0.842785
57553642 8 0.3460063
52167261 0 0.8228134
34035207 12 0.5148621
14429377 7 0.36112472
954521 0 0.43157378
20020808 7 0.31534773
56925506 12 0.62671506
55386095 8 0.35718936
34301619 0 0.389813
39374906 12 0.4639751
23291224 14 0.40916684
56413313 2 0.6433385
52136705 0 0.33009356
14446183 3 0.51997715
24702881 6 0.7856104
47627892 7 0.5685613
34531316 8 0.40266418
9396523 10 0.5683153
41551310 2 0.6867129
10798187 10 0.7566737
54359214 2 0.523608
8439815 7 0.39531666
10664316 12 0.5305826
51929617 0 0.81696284
55718398 12 0.39272356
12889103 8 0.48443863
35338656 10 0.65950483
43334638 0 0.33319238
56031165 3 0.5172452
22881211 6 0.71011585
42026176 8 0.68886876
53424351 2 0.67296845
35361252 0 0.40225545
5041290 8 0.6492156
16539977 2 0.3751183
23725023 12 0.82301486
44555201 7 0.52017236
1795060 8 0.43820986
1501803 0 0.38693735
2720171 7 0.46849075
10636885 10 0.46298853
42931053 12 0.5983084
25766559 2 0.74687165
41170816 8 0.8632343
42963332 8 0.48024386
13080927 9 0.8958767
24182316 15 0.4736717
10326698 0 0.8216679
26328753 7 0.5954431
17075551 2 0.39698768
57575286 0 0.60007674
29929144 3 0.95181316
497428 3 0.6734534
46180646 14 0.24640201
906316 3 0.5060749
11293085 3 0.83439654
33240960 0 0.91302365
41305420 3 0.48525915
15502443 0 0.6306659
14931705 6 0.7397767
53244336 12 0.43156585
52986606 8 0.375157
20628951 3 0.67038447
55369400 12 0.5803673
14107734 8 0.7022019
9141047 9 0.48008513
234234 8 0.393711
43269587 2 0.4205718
35464554 12 0.54886997
9478164 6 0.8283037
1337923 10 0.51538754
28826510 10 0.56849235
32839493 8 0.4264192
31383580 0 0.46914813
4261369 6 0.59515333
45494630 2 0.7088379
680206 3 0.84958035
30270297 8 0.8882857
14784962 12 0.58010423
17893039 6 0.6892369
38105117 3 0.9228309
35408192 2 0.2527534
14191213 10 0.8101206
23871082 12 0.75985104
22806321 3 0.23215795
55623247 2 0.3033345
9507184 6 0.6516278
30365901 12 0.367451
42755785 0 0.88889945
53643251 12 0.93082136
16443253 6 0.45496044
21193743 8 0.6691174
28388447 15 0.51050633
45186660 3 0.9372366
50353463 0 0.593421
22732421 0 0.3553178
25647995 2 0.46701682
6379921 2 0.55623764
12747481 8 0.42758298
34629065 9 0.39451343
7318015 8 0.54682046
28615332 2 0.3671753
24440715 3 0.60484415
52622155 6 0.32224494
9116970 3 0.7578368
45151267 8 0.5313739
56365638 8 0.4335981
9480010 8 0.48070374
24912975 8 0.5242456
32633527 3 0.34225786
24091822 6 0.50833684
10861211 0 0.42164633
56322879 8 0.37807944
52946884 3 0.49119392
44303924 12 0.6702012
42044531 3 0.81909186
33154547 2 0.36672184
52310530 8 0.3220745
3969047 3 0.5533584
25392257 3 0.6589207
52235030 12 0.67280644
48262923 3 0.5430633
18190776 8 0.4766884
45409079 2 0.39338544
52638247 2 0.39920953
27317330 9 0.26821193
12246948 12 0.53065276
57522418 12 0.5493827
48969992 3 0.4285929
15164399 15 0.4003181
56035818 3 0.6267958
19054880 8 0.29137358
21666577 9 0.3942857
28055991 2 0.29519445
16484429 12 0.7830945
26803423 3 0.40374225
48344781 2 0.5207664
20398851 0 0.5837265
10479141 8 0.5009408
44094417 7 0.4070618
16245943 0 0.38356793
18137003 12 0.6150195
19827548 15 0.9349315
7947049 0 0.7796967
55800385 10 0.5044126
24803099 12 0.5171309
26974148 2 0.34527665
57047938 3 0.7473172
10732926 12 0.4521669
10097250 6 0.34688288
54261550 6 0.52118456
2444057 0 0.6334684
16854543 9 0.40663546
50507211 3 0.3437379
13026255 12 0.4371652
10564512 0 0.49173945
10942389 8 0.7677108
18005884 3 0.6771878
15540901 0 0.535903
34710082 10 0.7497665
52321052 3 0.51331043
32841622 8 0.8821739
25744302 12 0.756641
54945941 3 0.7483334
29801425 12 0.4191273
30863050 3 0.8931156
44771701 2 0.5281797
21266761 3 0.69614625
3455472 8 0.56835145
57644295 8 0.6259482
4632992 12 0.80486214
19792056 0 0.5789142
10656739 12 0.49659443
32166135 9 0.8855697
14566345 2 0.7078517
11786968 3 0.7471407
4508646 12 0.35461202
48081179 3 0.6349609
9108068 8 0.34150645
2489379 0 0.5567245
166617 2 0.4527251
877820 2 0.36554828
29956987 12 0.85224885
14181507 8 0.8369643
2334024 10 0.5483591
33961674 2 0.49240756
41759881 3 0.57611793
45975635 0 0.67862034
40508547 2 0.48372453
3899819 0 0.53130364
39807227 12 0.40269578
23349266 0 0.7204531
5766252 12 0.53552663
44908789 3 0.584572
11149424 7 0.30690587
29668696 10 0.6256671
41747380 6 0.6772641
50912506 6 0.5440637
13684346 10 0.47432512
12808069 3 0.44358397
51087106 12 0.778452
35294204 0 0.45145264
55830825 3 0.5215758
986244 12 0.60887617
37484138 2 0.37931558
33608788 6 0.35431957
18138987 7 0.48158047
15124844 8 0.4535309
20009376 2 0.4959705
49104075 12 0.5815812
20971879 0 0.34899327
7627333 12 0.43447986
53989056 7 0.27647918
45884785 3 0.7040034
28392273 8 0.535356
2536007 12 0.50521076
24933713 6 0.63879436
21924562 3 0.98348546
52645331 2 0.36100453
24892531 6 0.59408325
55047134 8 0.5994051
5414004 2 0.47170958
56209532 12 0.60608184
21218875 15 0.61205125
1220046 0 0.42759812
12538524 6 0.47556576
28205687 7 0.6302406
56064527 16 0.37925464
47474980 12 0.84878474
55658654 3 0.39062366
12237838 6 0.4830085
16001214 12 0.6965018
10626617 3 0.32546988
3302542 0 0.39198583
17655494 8 0.64130276
4130755 9 0.5372997
15618132 3 0.34278825
48783809 3 0.8891407
23095254 3 0.41984865
56972817 7 0.32452652
7345614 12 0.44392234
44694068 3 0.5998443
17910363 12 0.7281189
44284541 2 0.35049108
22849412 8 0.5192321
57542040 8 0.9086573
47094493 3 0.67970717
53394102 12 0.77663624
45347459 0 0.5092451
16568949 0 0.3441509
19935932 8 0.3313742
30871161 12 0.5432399
26425933 3 0.6928389
49132242 8 0.5125458
48431937 3 0.3763896
11813948 3 0.95113355
43146229 10 0.3620311
53578314 0 0.6292285
7345326 2 0.5188087
17538871 2 0.71101105
22233668 12 0.62905514
8339879 8 0.486438
21992478 0 0.4839433
35113100 3 0.6731161
33543959 10 0.4372454
20208671 3 0.7700601
38702169 3 0.74972785
34762869 12 0.9398233
827634 3 0.4820967
33002122 3 0.4426389
13256446 3 0.41260865
14371263 3 0.7852051
48843008 8 0.52845585
31384486 7 0.3873414
14281293 10 0.4357956
43631222 7 0.55605793
13784434 2 0.70462006
4272876 8 0.39132395
44770998 2 0.5022643
17670 0 0.6644822
43999060 6 0.3297519
43375120 15 0.68585414
54274765 3 0.9095988
17980743 12 0.5287921
29021539 8 0.83583415
30877901 8 0.35449684
17838542 12 0.6502845
23358837 2 0.39772922
41014941 3 0.5201511
30233098 8 0.73509437
7087395 0 0.3970482
27036750 8 0.4783763
33016599 3 0.90765786
19958069 0 0.5732121
31226594 12 0.6391393
7487958 7 0.440698
13462203 0 0.7497795
7049785 0 0.42205378
4900153 10 0.4807657
40995460 10 0.6724618
3515694 3 0.5091453
18053987 10 0.47588754
45284428 12 0.4149492
12426246 8 0.49888292
40238501 12 0.7338846
37948766 6 0.5060746
7700400 0 0.9101529
44630364 6 0.5252952
46468664 10 0.7095686
10494617 0 0.5404879
21872784 2 0.5089417
57567688 3 0.46628952
521220 12 0.5877537
39963900 12 0.5995896
32036730 6 0.6336412
3206526 10 0.5630171
37717931 3 0.7909345
691223 0 0.5909511
48458279 3 0.7502581
4291847 6 0.6015348
4122066 12 0.4923892
33789213 2 0.5800392
12128280 6 0.47122878
7060091 0 0.9285299
44694954 4 0.45552573
18317115 0 0.9455873
21454545 3 0.36099014
53222954 2 0.38003287
19831685 9 0.2727358
907302 2 0.5269083
13856460 9 0.42021227
55420257 12 0.7417629
53854586 0 0.79491615
54084908 0 0.32679215
34179622 6 0.43102086
31359903 12 0.5004317
18076893 10 0.5417358
12179929 12 0.3509094
21724553 10 0.47504738
32137725 0 0.36708233
43419366 12 0.685784
39416978 9 0.56549466
10964755 8 0.5051772
51841795 12 0.49112397
53043930 10 0.7543003
2494207 12 0.6209853
44633587 9 0.8918971
38304877 0 0.5992057
17766550 15 0.4239786
35961149 15 0.56943697
9091108 12 0.5776916
9360869 8 0.42673647
10779027 3 0.6890558
52839460 3 0.5165666
49495570 3 0.7065066
28846333 6 0.5457627
27596300 12 0.3996327
46567251 9 0.4296705
26643751 7 0.5015033
29589688 8 0.48820812
43844013 10 0.5010696
53990591 0 0.78625256
41807595 7 0.42393208
3980835 3 0.37496898
14830908 0 0.4239654
39772878 2 0.45719725
52194757 3 0.81653476
33397436 3 0.604705
7600557 2 0.3593106
30555711 8 0.43598035
44053749 6 0.5352497
42244393 3 0.45709231
41755801 3 0.28868946
43005807 8 0.5146809
50598351 14 0.25778562
12417781 3 0.5505255
6795608 0 0.7210115
23433038 12 0.4226017
28197435 15 0.44363174
31992205 2 0.3790375
19509590 6 0.38948932
5715063 0 0.47186795
54548803 3 0.65610105
47483413 12 0.9177985
29141929 14 0.5657653
42468131 6 0.35667536
51922171 12 0.63370836
19516982 2 0.39861932
25367625 2 0.7857715
22607842 6 0.29501706
23608822 0 0.6023767
29939204 6 0.8257685
12920740 3 0.36037236
7673827 0 0.6097826
25733760 10 0.54501873
47273028 2 0.26553565
47372942 8 0.687755
38884506 12 0.5993641
53138067 12 0.68882436
6573979 8 0.3378738
40719016 0 0.36568213
24918707 0 0.28405792
40898763 8 0.3814898
6661633 0 0.5908597
32642828 12 0.73779464
34114163 8 0.7378724
56060666 15 0.597984
47911680 0 0.6761603
8507795 0 0.7524209
21044911 6 0.646586
23206823 0 0.5800863
55974853 9 0.6583292
39389920 12 0.6585723
29118669 10 0.4904072
12029545 3 0.36802533
34174274 12 0.4733201
6501145 10 0.34691647
16068830 3 0.7519383
9484998 10 0.7707103
41099140 0 0.5138395
47049611 3 0.335469
40219709 2 0.45747817
33852250 0 0.55578285
16461720 6 0.649449
20967964 12 0.8112944
39971265 3 0.5475858
53811694 3 0.65273714
54493065 12 0.4536305
6877588 6 0.5687423
38944963 12 0.7049682
18447538 8 0.5002432
616161 9 0.31770316
17028444 12 0.57071954
40512869 10 0.39160037
16326926 0 0.6708944
49486793 15 0.5132437
23942144 0 0.39710438
4765512 8 0.31486192
24458185 12 0.7187733
35893860 12 0.6274376
19088133 8 0.51220286
4350484 8 0.39991486
27309934 9 0.86403656
56132364 12 0.3712573
21189487 12 0.8612148
3104282 9 0.5408033
38305692 6 0.5577964
4810721 0 0.6455937
48468599 3 0.43863666
37763396 3 0.47422755
32472008 2 0.3400596
6606259 6 0.48207152
38431256 12 0.5536016
14009769 6 0.7043544
30478025 3 0.51504505
1554970 2 0.3288302
28707598 8 0.63369066
48418490 9 0.6083494
35102371 0 0.6512337
19763976 8 0.47941625
22330099 0 0.6561841
36954933 10 0.34997526
13792739 12 0.61108893
55153308 12 0.4811003
2613708 3 0.95326614
38411412 8 0.75808316
4779417 7 0.9002323
51152335 12 0.73736876
33892282 9 0.44587773
26065670 0 0.3837882
42512714 3 0.7836232
25282939 2 0.59034336
49949055 2 0.8127328
24188013 2 0.46773684
54133620 12 0.60328245
17256324 3 0.9209862
19081909 12 0.4251538
57184693 9 0.4220128
2247697 0 0.4503063
49379552 8 0.47261778
11783781 7 0.6498467
49005718 7 0.45632786
11714220 12 0.58962375
39888632 2 0.914028
56103101 0 0.55904067
42967084 3 0.52160275
39019627 12 0.9680583
35064312 8 0.67839986
2530818 3 0.36950827
45298143 9 0.31798932
16168293 10 0.5228337
11678392 8 0.60736305
41830573 0 0.42381006
37326952 6 0.3966857
42876583 9 0.44824284
24345803 0 0.32177004
16213221 9 0.4752215
19194650 3 0.6203062
14914717 12 0.49633777
32376386 3 0.5392296
31821456 12 0.575265
37504985 6 0.54494476
16975237 0 0.5756648
3227608 0 0.3176927
49175069 12 0.85813093
7274393 0 0.41822952
24757398 2 0.39309075
534215 0 0.53174514
40307541 6 0.56074804
55416976 12 0.5673037
30805126 12 0.28651106
7086825 8 0.30473718
18964568 0 0.61775947
51413024 12 0.7214274
11340583 0 0.8593603
41700807 7 0.3907244
45046023 6 0.6662475
48145802 3 0.68900186
27894881 3 0.67184424
13646574 0 0.75192094
15187778 2 0.31354803
39636505 6 0.54572403
34543259 10 0.753256
54687217 3 0.6844047
50070907 12 0.34836856
2444351 0 0.5386187
32504572 3 0.49378958
21327299 6 0.44351113
16943647 10 0.30979723
30628709 0 0.76801056
2861132 6 0.49213788
15053883 0 0.47414532
52524418 12 0.5586454
35273479 9 0.3249237
47309237 9 0.66095126
39586035 12 0.4258865
29805785 8 0.41329265
21965102 3 0.53712153
38764600 12 0.4001195
11580944 8 0.48489
8886054 6 0.485223
4124182 0 0.61789006
11105023 9 0.7834112
56376819 12 0.6669411
10624158 8 0.4116728
50499169 12 0.38760018
8034947 8 0.35909328
42900341 3 0.35641566
13341456 9 0.58513796
48201923 1 0.24500723
54929669 0 0.39955944
54813409 3 0.48595762
43698444 0 0.6100237
16522621 8 0.58528256
57115991 0 0.40398526
16604125 9 0.3892301
28127356 12 0.56612504
36278066 3 0.80492824
17360257 2 0.47540277
29102645 3 0.5782115
48167947 6 0.60949993
54791882 12 0.62568337
53337387 10 0.52526367
7273231 6 0.51244915
43815904 10 0.44678065
37528573 2 0.90740067
30873809 8 0.5546225
27830950 3 0.78435475
21890441 0 0.52891994
28264313 6 0.516833
45140066 6 0.71895117
15524517 15 0.4752441
18169469 7 0.36953896
31812973 8 0.56025624
14719692 0 0.50587827
23417562 8 0.45609054
41195906 0 0.26439843
31830836 8 0.40253925
39836589 0 0.45095187
48469160 12 0.9107823
15137857 12 0.7724723
46463580 2 0.45003685
57106715 14 0.41989875
47695516 8 0.5141169
23906917 10 0.29525843
39813866 14 0.35638064
43543503 12 0.6452495
25761225 0 0.30243826
25571559 10 0.37238064
12565742 8 0.65657556
56268973 6 0.43815735
25649485 12 0.60448045
12761720 0 0.5989406
6524062 3 0.31364852
3363943 10 0.5436537
49535280 12 0.4818929
36675883 9 0.83658195
53341401 3 0.4420115
39104141 12 0.98117423
14893088 0 0.5144911
40410710 10 0.52622086
8112349 8 0.4606711
20323198 0 0.6242378
33421002 6 0.7309605
2667514 8 0.46595025
52232815 8 0.5289729
43352882 12 0.68301415
1226213 8 0.7505567
45299461 3 0.5322922
55694194 0 0.5014679
12530612 12 0.635415
23841973 9 0.38713735
12623111 0 0.864062
11545563 0 0.3895259
49507407 6 0.41849536
24279402 0 0.45289192
56051834 3 0.5220292
36290338 2 0.47954118
49415489 0 0.32934675
7779653 6 0.5322658
44022863 3 0.7361493
22304631 9 0.8621863
47712938 12 0.7314449
41997530 8 0.46706182
10013160 0 0.23840675
42210723 12 0.68647397
43097149 2 0.5247199
50668010 12 0.42078096
50896701 12 0.41389677
6289883 12 0.5069376
24282789 3 0.5325111
5988835 12 0.4159917
21577294 10 0.49675032
43192592 2 0.53440464
9241230 0 0.82323563
4678447 3 0.4907029
51874617 2 0.4246839
2541971 0 0.50122344
5580032 10 0.31324592
56432029 15 0.39192665
31253159 12 0.73544866
21873079 12 0.23584764
25342971 6 0.4105185
39237492 12 0.4815282
45688644 14 0.35555866
45522845 3 0.5802426
23962487 2 0.4517114
55834302 0 0.5464224
46407211 0 0.40286595
17426493 0 0.82905936
41482189 10 0.55536777
14438843 10 0.38300964
26538985 8 0.577691
21445516 9 0.441564
27244449 12 0.36927927
18907477 9 0.31728512
38350860 2 0.7081259
49776646 0 0.4920355
56150358 6 0.4868748
19065711 0 0.7233743
50058521 8 0.5432295
31382495 0 0.37683094
35526663 3 0.6704378
16384004 16 0.4166088
49332454 7 0.49360174
16383392 0 0.4639658
22146099 0 0.6871399
28311795 2 0.3583154
10287104 8 0.34468687
37016031 15 0.31907558
28991283 2 0.3993658
17408851 8 0.70462185
57308129 2 0.20100932
45696762 2 0.47831273
27912388 10 0.5475689
7347713 12 0.68500865
24237654 12 0.5201236
12120862 3 0.5783136
38881762 12 0.59046894
37826673 15 0.46999007
5917425 3 0.7376251
13824992 0 0.9266944
7663439 10 0.48112857
53408547 6 0.8759101
19358388 3 0.357298
27278166 8 0.7150695
22765477 0 0.6520911
15088747 9 0.5635022
4295808 0 0.66469514
52355286 6 0.7144446
2443166 0 0.51187193
30001154 12 0.6469369
54423612 15 0.7921983
7711960 3 0.8699344
37979368 12 0.41195878
6934232 3 0.73681206
3028583 10 0.40471885
47791590 12 0.57745504
54259983 0 0.5335412
18514036 7 0.41990942
42929676 10 0.57417476
41091816 3 0.67674166
18229078 6 0.78721803
30860777 3 0.7407989
44887777 9 0.7789758
19814236 12 0.47234944
27769938 12 0.4110039
34067399 8 0.5778651
10607637 9 0.38481098
12347148 12 0.68319535
7029625 2 0.43793777
2757937 9 0.44152093
31964174 3 0.83811927
54089052 7 0.33523017
34785210 8 0.4522126
18504803 3 0.65415627
25158301 0 0.59339184
27999196 3 0.49705413
54070212 2 0.5040372
20397037 6 0.6715818
42900165 0 0.66449803
52756511 3 0.6062747
42122223 8 0.56149703
19667699 7 0.41342914
31560327 8 0.42633665
23686910 3 0.5001127
56051223 12 0.37994748
16064923 0 0.9268553
41277890 0 0.48297048
39298711 8 0.70312154
24610452 0 0.5009293
3798733 8 0.4051677
14328614 15 0.29676658
32548251 8 0.36097878
29153790 3 0.7240268
56739554 8 0.5603889
27970611 6 0.7230176
1039200 12 0.5842141
24658074 0 0.30861688
38021693 8 0.50079536
23249629 10 0.700432
24072996 12 0.27021876
11672896 12 0.7983482
2318028 8 0.39728743
25661643 2 0.439935
4357109 8 0.5795928
2166532 10 0.66439146
45320337 3 0.541684
38647399 2 0.41833833
33661956 8 0.8546403
34826388 15 0.40449798
23888517 2 0.33635882
11768154 10 0.4563872
14008879 12 0.56561136
34155748 10 0.4092837
52989812 4 0.87107986
19770185 3 0.4782913
55304557 10 0.5928702
25041021 6 0.34091383
1708317 6 0.6717889
3201522 12 0.67396253
24908261 3 0.5845677
5715085 3 0.5966702
32963148 6 0.39661905
28845935 3 0.38295746
52162857 3 0.36670867
56316291 9 0.39406765
52193119 15 0.5235139
48454201 2 0.7034617
56528328 8 0.44770294
40553796 2 0.85637057
29779526 8 0.6774402
14195332 6 0.3196002
35610606 8 0.48556414
50031863 3 0.5137527
5598757 2 0.32873192
3391643 7 0.5122887
13623386 10 0.27674687
21864074 14 0.54709136
46081741 3 0.9571619
31437893 8 0.46410874
33536725 2 0.34184262
40961049 3 0.32836276
22423280 8 0.87602264
25592467 8 0.45826685
28324278 2 0.8080091
25794408 12 0.61517555
15889871 8 0.8356183
19588208 8 0.4184498
53560811 8 0.70642346
13641821 9 0.5192164
22840644 3 0.52456474
48951379 3 0.76095974
16560720 12 0.45477358
4073862 8 0.7151675
17295943 9 0.52007467
24985349 3 0.7134381
54864709 6 0.4436843
28006472 0 0.9650996
23982425 3 0.6152236
50493945 12 0.56595516
26541979 15 0.5753781
25222068 3 0.5395828
3153114 2 0.71545935
13809404 0 0.2872862
26207204 0 0.7075166
54033029 3 0.8152768
19015248 3 0.32809222
5415752 0 0.63977754
41447919 3 0.43267745
38120724 2 0.45901954
10448035 10 0.48797527
58127993 12 0.47525093
59476128 12 0.3114505
59479272 9 0.80931187
58531182 6 0.74878144
58635636 8 0.4770773
58930572 12 0.5986006
58708171 0 0.51253027
58609215 3 0.7031156
59006250 3 0.83535284
59107603 8 0.3915982
59230993 8 0.50048065
57852647 6 0.5254664
58625737 3 0.7013774
58625924 2 0.779389
58629533 8 0.59615487
58632317 6 0.6566783
58670056 12 0.9686216
59435707 12 0.76649773
58446354 15 0.40551308
58353823 12 0.6468139
58361181 3 0.6358676
58482869 3 0.6248759
59376918 6 0.3904281
59380277 2 0.44864842
57977916 10 0.52198726
58776975 3 0.79370975
58346089 13 0.39373592
59483614 2 0.36082828
59484075 15 0.55846655
58003919 12 0.8026778
57924390 12 0.74030185
57872901 3 0.8423037
58218797 8 0.51844245
57962631 0 0.30243915
59323973 12 0.856183
58238999 0 0.4539365
59143707 6 0.41833076
59145557 10 0.545523
58164215 12 0.444826
58166838 0 0.65784407
57945493 2 0.30772942
58576227 9 0.61793596
59191339 9 0.96247965
58331552 2 0.7233081
58149038 7 0.3660788
58139353 6 0.596272
59244859 12 0.38403463
58767927 6 0.42767355
57850242 12 0.5789607
59507710 12 0.4839132
58390831 2 0.8019438
59216443 6 0.7891606
59217768 12 0.4868521
59218147 10 0.50614053
58600257 7 0.5051314
58712835 8 0.4486448
59405982 6 0.8857685
59407994 8 0.9714741
59409685 12 0.54438514
59534435 3 0.5218122
59537542 15 0.38119575
58436989 3 0.58277905
58493934 3 0.6274404
59563651 12 0.8924008
59273077 3 0.6277802
58224138 9 0.44661582
58916216 12 0.5482777
58642812 3 0.86253434
59078269 12 0.29759106
59293557 2 0.5892213
58121011 15 0.77180207
58835731 3 0.49555662
57823428 3 0.33802357
57829480 8 0.4244417
57756157 8 0.56279516
57758750 8 0.58677185
59096604 3 0.6681738
58823284 3 0.3916772
59553002 12 0.52816004
58992475 2 0.6347423
58700265 10 0.43631104
57932596 8 0.5002307
58309101 3 0.7061191
59387283 9 0.4882155
57783497 12 0.32274202
57786299 12 0.93627894
59553002 12 0.53408074
59563651 12 0.88922983
59638251 6 0.38896105
59664161 6 0.33989492
59676107 15 0.4922743
59680505 10 0.39802083
59696355 9 0.8228167
59698301 2 0.42691088
59720189 2 0.53225774
59737183 6 0.48569572
59737801 7 0.6252572
59818437 9 0.518784
59821516 8 0.73428446
59823267 12 0.5642344
59848715 0 0.6583903
59896906 6 0.5265258
59916541 12 0.78591347
59953092 3 0.33242872
59990717 6 0.8069975
60003322 9 0.36459887
60030163 7 0.38034508
60064445 9 0.88160264
60081930 8 0.39992014
60088679 7 0.32242
60099918 8 0.75928396
60180688 6 0.52078533
60206994 8 0.590291
60224276 3 0.44915763
60226012 7 0.5493749
60261346 8 0.49816084
60277747 3 0.41049635
60281226 9 0.5837533
60313855 0 0.6171154
60365045 2 0.74602103
60432684 6 0.6994095
60457509 12 0.6952893
60476336 6 0.61002564
60487663 7 0.5759472
60500434 3 0.4735998
60501963 12 0.536047
60516991 12 0.5663324
60568162 0 0.8651818
60583385 12 0.8012308
60587434 15 0.42897612
60631384 8 0.58615017
60651515 6 0.45588204
60695451 12 0.35124117
60731334 12 0.6347458
60744819 0 0.5866464
60750323 6 0.5766208
60758738 3 0.87605095
60803245 9 0.62748224
60936760 3 0.92324907
60980615 3 0.85405666
60992821 12 0.46496242
61066686 8 0.8369721
61081453 10 0.32755142
61167845 3 0.31934965
61170628 3 0.6474634
61190087 0 0.44542965
61197906 0 0.32936025
61218284 3 0.2816404
61382282 0 0.60728014
61434233 0 0.7163052
61449038 2 0.5563724
61471596 8 0.6370923
61480440 6 0.50675064
61483889 8 0.47063676
61491247 3 0.6195876
61493076 10 0.46833742
61528631 12 0.5761167
